{
 "cells": [
  {
   "cell_type": "code",
   "execution_count": 1,
   "id": "0dfd1ede-0d2b-41a3-97f9-c451fcf0cb8b",
   "metadata": {},
   "outputs": [],
   "source": [
    "import pandas as pd\n",
    "import numpy as np"
   ]
  },
  {
   "cell_type": "code",
   "execution_count": 2,
   "id": "441149c6-286f-40c4-abb6-c14990d0bf78",
   "metadata": {},
   "outputs": [
    {
     "data": {
      "text/html": [
       "<div>\n",
       "<style scoped>\n",
       "    .dataframe tbody tr th:only-of-type {\n",
       "        vertical-align: middle;\n",
       "    }\n",
       "\n",
       "    .dataframe tbody tr th {\n",
       "        vertical-align: top;\n",
       "    }\n",
       "\n",
       "    .dataframe thead th {\n",
       "        text-align: right;\n",
       "    }\n",
       "</style>\n",
       "<table border=\"1\" class=\"dataframe\">\n",
       "  <thead>\n",
       "    <tr style=\"text-align: right;\">\n",
       "      <th></th>\n",
       "      <th>price</th>\n",
       "      <th>resid_area</th>\n",
       "      <th>air_qual</th>\n",
       "      <th>room_num</th>\n",
       "      <th>age</th>\n",
       "      <th>dist1</th>\n",
       "      <th>dist2</th>\n",
       "      <th>dist3</th>\n",
       "      <th>dist4</th>\n",
       "      <th>teachers</th>\n",
       "      <th>poor_prop</th>\n",
       "      <th>airport</th>\n",
       "      <th>n_hos_beds</th>\n",
       "      <th>n_hot_rooms</th>\n",
       "      <th>waterbody</th>\n",
       "      <th>rainfall</th>\n",
       "      <th>bus_ter</th>\n",
       "      <th>parks</th>\n",
       "      <th>Sold</th>\n",
       "    </tr>\n",
       "  </thead>\n",
       "  <tbody>\n",
       "    <tr>\n",
       "      <th>0</th>\n",
       "      <td>24.0</td>\n",
       "      <td>32.31</td>\n",
       "      <td>0.538</td>\n",
       "      <td>6.575</td>\n",
       "      <td>65.2</td>\n",
       "      <td>4.35</td>\n",
       "      <td>3.81</td>\n",
       "      <td>4.18</td>\n",
       "      <td>4.01</td>\n",
       "      <td>24.7</td>\n",
       "      <td>4.98</td>\n",
       "      <td>YES</td>\n",
       "      <td>5.480</td>\n",
       "      <td>11.1920</td>\n",
       "      <td>River</td>\n",
       "      <td>23</td>\n",
       "      <td>YES</td>\n",
       "      <td>0.049347</td>\n",
       "      <td>0</td>\n",
       "    </tr>\n",
       "    <tr>\n",
       "      <th>1</th>\n",
       "      <td>21.6</td>\n",
       "      <td>37.07</td>\n",
       "      <td>0.469</td>\n",
       "      <td>6.421</td>\n",
       "      <td>78.9</td>\n",
       "      <td>4.99</td>\n",
       "      <td>4.70</td>\n",
       "      <td>5.12</td>\n",
       "      <td>5.06</td>\n",
       "      <td>22.2</td>\n",
       "      <td>9.14</td>\n",
       "      <td>NO</td>\n",
       "      <td>7.332</td>\n",
       "      <td>12.1728</td>\n",
       "      <td>Lake</td>\n",
       "      <td>42</td>\n",
       "      <td>YES</td>\n",
       "      <td>0.046146</td>\n",
       "      <td>1</td>\n",
       "    </tr>\n",
       "    <tr>\n",
       "      <th>2</th>\n",
       "      <td>34.7</td>\n",
       "      <td>37.07</td>\n",
       "      <td>0.469</td>\n",
       "      <td>7.185</td>\n",
       "      <td>61.1</td>\n",
       "      <td>5.03</td>\n",
       "      <td>4.86</td>\n",
       "      <td>5.01</td>\n",
       "      <td>4.97</td>\n",
       "      <td>22.2</td>\n",
       "      <td>4.03</td>\n",
       "      <td>NO</td>\n",
       "      <td>7.394</td>\n",
       "      <td>101.1200</td>\n",
       "      <td>NaN</td>\n",
       "      <td>38</td>\n",
       "      <td>YES</td>\n",
       "      <td>0.045764</td>\n",
       "      <td>0</td>\n",
       "    </tr>\n",
       "    <tr>\n",
       "      <th>3</th>\n",
       "      <td>33.4</td>\n",
       "      <td>32.18</td>\n",
       "      <td>0.458</td>\n",
       "      <td>6.998</td>\n",
       "      <td>45.8</td>\n",
       "      <td>6.21</td>\n",
       "      <td>5.93</td>\n",
       "      <td>6.16</td>\n",
       "      <td>5.96</td>\n",
       "      <td>21.3</td>\n",
       "      <td>2.94</td>\n",
       "      <td>YES</td>\n",
       "      <td>9.268</td>\n",
       "      <td>11.2672</td>\n",
       "      <td>Lake</td>\n",
       "      <td>45</td>\n",
       "      <td>YES</td>\n",
       "      <td>0.047151</td>\n",
       "      <td>0</td>\n",
       "    </tr>\n",
       "    <tr>\n",
       "      <th>4</th>\n",
       "      <td>36.2</td>\n",
       "      <td>32.18</td>\n",
       "      <td>0.458</td>\n",
       "      <td>7.147</td>\n",
       "      <td>54.2</td>\n",
       "      <td>6.16</td>\n",
       "      <td>5.86</td>\n",
       "      <td>6.37</td>\n",
       "      <td>5.86</td>\n",
       "      <td>21.3</td>\n",
       "      <td>5.33</td>\n",
       "      <td>NO</td>\n",
       "      <td>8.824</td>\n",
       "      <td>11.2896</td>\n",
       "      <td>Lake</td>\n",
       "      <td>55</td>\n",
       "      <td>YES</td>\n",
       "      <td>0.039474</td>\n",
       "      <td>0</td>\n",
       "    </tr>\n",
       "  </tbody>\n",
       "</table>\n",
       "</div>"
      ],
      "text/plain": [
       "   price  resid_area  air_qual  room_num   age  dist1  dist2  dist3  dist4  \\\n",
       "0   24.0       32.31     0.538     6.575  65.2   4.35   3.81   4.18   4.01   \n",
       "1   21.6       37.07     0.469     6.421  78.9   4.99   4.70   5.12   5.06   \n",
       "2   34.7       37.07     0.469     7.185  61.1   5.03   4.86   5.01   4.97   \n",
       "3   33.4       32.18     0.458     6.998  45.8   6.21   5.93   6.16   5.96   \n",
       "4   36.2       32.18     0.458     7.147  54.2   6.16   5.86   6.37   5.86   \n",
       "\n",
       "   teachers  poor_prop airport  n_hos_beds  n_hot_rooms waterbody  rainfall  \\\n",
       "0      24.7       4.98     YES       5.480      11.1920     River        23   \n",
       "1      22.2       9.14      NO       7.332      12.1728      Lake        42   \n",
       "2      22.2       4.03      NO       7.394     101.1200       NaN        38   \n",
       "3      21.3       2.94     YES       9.268      11.2672      Lake        45   \n",
       "4      21.3       5.33      NO       8.824      11.2896      Lake        55   \n",
       "\n",
       "  bus_ter     parks  Sold  \n",
       "0     YES  0.049347     0  \n",
       "1     YES  0.046146     1  \n",
       "2     YES  0.045764     0  \n",
       "3     YES  0.047151     0  \n",
       "4     YES  0.039474     0  "
      ]
     },
     "execution_count": 2,
     "metadata": {},
     "output_type": "execute_result"
    }
   ],
   "source": [
    "df = pd.read_csv('Data/House-Price.csv')\n",
    "df.head()"
   ]
  },
  {
   "cell_type": "code",
   "execution_count": 4,
   "id": "c43c4c82-5ce2-4302-8f28-694f4375b2b0",
   "metadata": {},
   "outputs": [
    {
     "data": {
      "text/html": [
       "<div>\n",
       "<style scoped>\n",
       "    .dataframe tbody tr th:only-of-type {\n",
       "        vertical-align: middle;\n",
       "    }\n",
       "\n",
       "    .dataframe tbody tr th {\n",
       "        vertical-align: top;\n",
       "    }\n",
       "\n",
       "    .dataframe thead th {\n",
       "        text-align: right;\n",
       "    }\n",
       "</style>\n",
       "<table border=\"1\" class=\"dataframe\">\n",
       "  <thead>\n",
       "    <tr style=\"text-align: right;\">\n",
       "      <th></th>\n",
       "      <th>price</th>\n",
       "      <th>resid_area</th>\n",
       "      <th>air_qual</th>\n",
       "      <th>room_num</th>\n",
       "      <th>age</th>\n",
       "      <th>dist1</th>\n",
       "      <th>dist2</th>\n",
       "      <th>dist3</th>\n",
       "      <th>dist4</th>\n",
       "      <th>teachers</th>\n",
       "      <th>poor_prop</th>\n",
       "      <th>n_hos_beds</th>\n",
       "      <th>n_hot_rooms</th>\n",
       "      <th>rainfall</th>\n",
       "      <th>parks</th>\n",
       "      <th>Sold</th>\n",
       "    </tr>\n",
       "  </thead>\n",
       "  <tbody>\n",
       "    <tr>\n",
       "      <th>0</th>\n",
       "      <td>24.0</td>\n",
       "      <td>32.31</td>\n",
       "      <td>0.538</td>\n",
       "      <td>6.575</td>\n",
       "      <td>65.2</td>\n",
       "      <td>4.35</td>\n",
       "      <td>3.81</td>\n",
       "      <td>4.18</td>\n",
       "      <td>4.01</td>\n",
       "      <td>24.7</td>\n",
       "      <td>4.98</td>\n",
       "      <td>5.480</td>\n",
       "      <td>11.1920</td>\n",
       "      <td>23</td>\n",
       "      <td>0.049347</td>\n",
       "      <td>0</td>\n",
       "    </tr>\n",
       "    <tr>\n",
       "      <th>1</th>\n",
       "      <td>21.6</td>\n",
       "      <td>37.07</td>\n",
       "      <td>0.469</td>\n",
       "      <td>6.421</td>\n",
       "      <td>78.9</td>\n",
       "      <td>4.99</td>\n",
       "      <td>4.70</td>\n",
       "      <td>5.12</td>\n",
       "      <td>5.06</td>\n",
       "      <td>22.2</td>\n",
       "      <td>9.14</td>\n",
       "      <td>7.332</td>\n",
       "      <td>12.1728</td>\n",
       "      <td>42</td>\n",
       "      <td>0.046146</td>\n",
       "      <td>1</td>\n",
       "    </tr>\n",
       "    <tr>\n",
       "      <th>2</th>\n",
       "      <td>34.7</td>\n",
       "      <td>37.07</td>\n",
       "      <td>0.469</td>\n",
       "      <td>7.185</td>\n",
       "      <td>61.1</td>\n",
       "      <td>5.03</td>\n",
       "      <td>4.86</td>\n",
       "      <td>5.01</td>\n",
       "      <td>4.97</td>\n",
       "      <td>22.2</td>\n",
       "      <td>4.03</td>\n",
       "      <td>7.394</td>\n",
       "      <td>101.1200</td>\n",
       "      <td>38</td>\n",
       "      <td>0.045764</td>\n",
       "      <td>0</td>\n",
       "    </tr>\n",
       "    <tr>\n",
       "      <th>3</th>\n",
       "      <td>33.4</td>\n",
       "      <td>32.18</td>\n",
       "      <td>0.458</td>\n",
       "      <td>6.998</td>\n",
       "      <td>45.8</td>\n",
       "      <td>6.21</td>\n",
       "      <td>5.93</td>\n",
       "      <td>6.16</td>\n",
       "      <td>5.96</td>\n",
       "      <td>21.3</td>\n",
       "      <td>2.94</td>\n",
       "      <td>9.268</td>\n",
       "      <td>11.2672</td>\n",
       "      <td>45</td>\n",
       "      <td>0.047151</td>\n",
       "      <td>0</td>\n",
       "    </tr>\n",
       "    <tr>\n",
       "      <th>4</th>\n",
       "      <td>36.2</td>\n",
       "      <td>32.18</td>\n",
       "      <td>0.458</td>\n",
       "      <td>7.147</td>\n",
       "      <td>54.2</td>\n",
       "      <td>6.16</td>\n",
       "      <td>5.86</td>\n",
       "      <td>6.37</td>\n",
       "      <td>5.86</td>\n",
       "      <td>21.3</td>\n",
       "      <td>5.33</td>\n",
       "      <td>8.824</td>\n",
       "      <td>11.2896</td>\n",
       "      <td>55</td>\n",
       "      <td>0.039474</td>\n",
       "      <td>0</td>\n",
       "    </tr>\n",
       "    <tr>\n",
       "      <th>...</th>\n",
       "      <td>...</td>\n",
       "      <td>...</td>\n",
       "      <td>...</td>\n",
       "      <td>...</td>\n",
       "      <td>...</td>\n",
       "      <td>...</td>\n",
       "      <td>...</td>\n",
       "      <td>...</td>\n",
       "      <td>...</td>\n",
       "      <td>...</td>\n",
       "      <td>...</td>\n",
       "      <td>...</td>\n",
       "      <td>...</td>\n",
       "      <td>...</td>\n",
       "      <td>...</td>\n",
       "      <td>...</td>\n",
       "    </tr>\n",
       "    <tr>\n",
       "      <th>501</th>\n",
       "      <td>22.4</td>\n",
       "      <td>41.93</td>\n",
       "      <td>0.573</td>\n",
       "      <td>6.593</td>\n",
       "      <td>69.1</td>\n",
       "      <td>2.64</td>\n",
       "      <td>2.45</td>\n",
       "      <td>2.76</td>\n",
       "      <td>2.06</td>\n",
       "      <td>19.0</td>\n",
       "      <td>9.67</td>\n",
       "      <td>9.348</td>\n",
       "      <td>12.1792</td>\n",
       "      <td>27</td>\n",
       "      <td>0.056006</td>\n",
       "      <td>1</td>\n",
       "    </tr>\n",
       "    <tr>\n",
       "      <th>502</th>\n",
       "      <td>20.6</td>\n",
       "      <td>41.93</td>\n",
       "      <td>0.573</td>\n",
       "      <td>6.120</td>\n",
       "      <td>76.7</td>\n",
       "      <td>2.44</td>\n",
       "      <td>2.11</td>\n",
       "      <td>2.46</td>\n",
       "      <td>2.14</td>\n",
       "      <td>19.0</td>\n",
       "      <td>9.08</td>\n",
       "      <td>6.612</td>\n",
       "      <td>13.1648</td>\n",
       "      <td>20</td>\n",
       "      <td>0.059903</td>\n",
       "      <td>1</td>\n",
       "    </tr>\n",
       "    <tr>\n",
       "      <th>503</th>\n",
       "      <td>23.9</td>\n",
       "      <td>41.93</td>\n",
       "      <td>0.573</td>\n",
       "      <td>6.976</td>\n",
       "      <td>91.0</td>\n",
       "      <td>2.34</td>\n",
       "      <td>2.06</td>\n",
       "      <td>2.29</td>\n",
       "      <td>1.98</td>\n",
       "      <td>19.0</td>\n",
       "      <td>5.64</td>\n",
       "      <td>5.478</td>\n",
       "      <td>12.1912</td>\n",
       "      <td>31</td>\n",
       "      <td>0.057572</td>\n",
       "      <td>1</td>\n",
       "    </tr>\n",
       "    <tr>\n",
       "      <th>504</th>\n",
       "      <td>22.0</td>\n",
       "      <td>41.93</td>\n",
       "      <td>0.573</td>\n",
       "      <td>6.794</td>\n",
       "      <td>89.3</td>\n",
       "      <td>2.54</td>\n",
       "      <td>2.31</td>\n",
       "      <td>2.40</td>\n",
       "      <td>2.31</td>\n",
       "      <td>19.0</td>\n",
       "      <td>6.48</td>\n",
       "      <td>7.940</td>\n",
       "      <td>15.1760</td>\n",
       "      <td>47</td>\n",
       "      <td>0.060694</td>\n",
       "      <td>1</td>\n",
       "    </tr>\n",
       "    <tr>\n",
       "      <th>505</th>\n",
       "      <td>19.0</td>\n",
       "      <td>41.93</td>\n",
       "      <td>0.573</td>\n",
       "      <td>6.030</td>\n",
       "      <td>80.8</td>\n",
       "      <td>2.72</td>\n",
       "      <td>2.24</td>\n",
       "      <td>2.64</td>\n",
       "      <td>2.42</td>\n",
       "      <td>19.0</td>\n",
       "      <td>7.88</td>\n",
       "      <td>10.280</td>\n",
       "      <td>10.1520</td>\n",
       "      <td>45</td>\n",
       "      <td>0.060336</td>\n",
       "      <td>1</td>\n",
       "    </tr>\n",
       "  </tbody>\n",
       "</table>\n",
       "<p>506 rows × 16 columns</p>\n",
       "</div>"
      ],
      "text/plain": [
       "     price  resid_area  air_qual  room_num   age  dist1  dist2  dist3  dist4  \\\n",
       "0     24.0       32.31     0.538     6.575  65.2   4.35   3.81   4.18   4.01   \n",
       "1     21.6       37.07     0.469     6.421  78.9   4.99   4.70   5.12   5.06   \n",
       "2     34.7       37.07     0.469     7.185  61.1   5.03   4.86   5.01   4.97   \n",
       "3     33.4       32.18     0.458     6.998  45.8   6.21   5.93   6.16   5.96   \n",
       "4     36.2       32.18     0.458     7.147  54.2   6.16   5.86   6.37   5.86   \n",
       "..     ...         ...       ...       ...   ...    ...    ...    ...    ...   \n",
       "501   22.4       41.93     0.573     6.593  69.1   2.64   2.45   2.76   2.06   \n",
       "502   20.6       41.93     0.573     6.120  76.7   2.44   2.11   2.46   2.14   \n",
       "503   23.9       41.93     0.573     6.976  91.0   2.34   2.06   2.29   1.98   \n",
       "504   22.0       41.93     0.573     6.794  89.3   2.54   2.31   2.40   2.31   \n",
       "505   19.0       41.93     0.573     6.030  80.8   2.72   2.24   2.64   2.42   \n",
       "\n",
       "     teachers  poor_prop  n_hos_beds  n_hot_rooms  rainfall     parks  Sold  \n",
       "0        24.7       4.98       5.480      11.1920        23  0.049347     0  \n",
       "1        22.2       9.14       7.332      12.1728        42  0.046146     1  \n",
       "2        22.2       4.03       7.394     101.1200        38  0.045764     0  \n",
       "3        21.3       2.94       9.268      11.2672        45  0.047151     0  \n",
       "4        21.3       5.33       8.824      11.2896        55  0.039474     0  \n",
       "..        ...        ...         ...          ...       ...       ...   ...  \n",
       "501      19.0       9.67       9.348      12.1792        27  0.056006     1  \n",
       "502      19.0       9.08       6.612      13.1648        20  0.059903     1  \n",
       "503      19.0       5.64       5.478      12.1912        31  0.057572     1  \n",
       "504      19.0       6.48       7.940      15.1760        47  0.060694     1  \n",
       "505      19.0       7.88      10.280      10.1520        45  0.060336     1  \n",
       "\n",
       "[506 rows x 16 columns]"
      ]
     },
     "execution_count": 4,
     "metadata": {},
     "output_type": "execute_result"
    }
   ],
   "source": [
    "df_num = df.select_dtypes('number')\n",
    "df_num"
   ]
  },
  {
   "cell_type": "code",
   "execution_count": 5,
   "id": "874d640b-539f-4676-84b5-7703848ac4c1",
   "metadata": {},
   "outputs": [
    {
     "data": {
      "text/html": [
       "<div>\n",
       "<style scoped>\n",
       "    .dataframe tbody tr th:only-of-type {\n",
       "        vertical-align: middle;\n",
       "    }\n",
       "\n",
       "    .dataframe tbody tr th {\n",
       "        vertical-align: top;\n",
       "    }\n",
       "\n",
       "    .dataframe thead th {\n",
       "        text-align: right;\n",
       "    }\n",
       "</style>\n",
       "<table border=\"1\" class=\"dataframe\">\n",
       "  <thead>\n",
       "    <tr style=\"text-align: right;\">\n",
       "      <th></th>\n",
       "      <th>price</th>\n",
       "      <th>resid_area</th>\n",
       "      <th>air_qual</th>\n",
       "      <th>room_num</th>\n",
       "      <th>age</th>\n",
       "      <th>dist1</th>\n",
       "      <th>dist2</th>\n",
       "      <th>dist3</th>\n",
       "      <th>dist4</th>\n",
       "      <th>teachers</th>\n",
       "      <th>poor_prop</th>\n",
       "      <th>n_hos_beds</th>\n",
       "      <th>n_hot_rooms</th>\n",
       "      <th>rainfall</th>\n",
       "      <th>parks</th>\n",
       "      <th>Sold</th>\n",
       "    </tr>\n",
       "  </thead>\n",
       "  <tbody>\n",
       "    <tr>\n",
       "      <th>price</th>\n",
       "      <td>1.000000</td>\n",
       "      <td>-0.484754</td>\n",
       "      <td>-0.429300</td>\n",
       "      <td>0.696304</td>\n",
       "      <td>-0.377999</td>\n",
       "      <td>0.251355</td>\n",
       "      <td>0.249459</td>\n",
       "      <td>0.246650</td>\n",
       "      <td>0.248200</td>\n",
       "      <td>0.505655</td>\n",
       "      <td>-0.740836</td>\n",
       "      <td>0.109646</td>\n",
       "      <td>0.023122</td>\n",
       "      <td>-0.047426</td>\n",
       "      <td>-0.391574</td>\n",
       "      <td>-0.154698</td>\n",
       "    </tr>\n",
       "    <tr>\n",
       "      <th>resid_area</th>\n",
       "      <td>-0.484754</td>\n",
       "      <td>1.000000</td>\n",
       "      <td>0.763651</td>\n",
       "      <td>-0.391676</td>\n",
       "      <td>0.644779</td>\n",
       "      <td>-0.706481</td>\n",
       "      <td>-0.707956</td>\n",
       "      <td>-0.707566</td>\n",
       "      <td>-0.705819</td>\n",
       "      <td>-0.383248</td>\n",
       "      <td>0.603800</td>\n",
       "      <td>0.005827</td>\n",
       "      <td>-0.000839</td>\n",
       "      <td>0.055810</td>\n",
       "      <td>0.707635</td>\n",
       "      <td>0.024404</td>\n",
       "    </tr>\n",
       "    <tr>\n",
       "      <th>air_qual</th>\n",
       "      <td>-0.429300</td>\n",
       "      <td>0.763651</td>\n",
       "      <td>1.000000</td>\n",
       "      <td>-0.302188</td>\n",
       "      <td>0.731470</td>\n",
       "      <td>-0.768589</td>\n",
       "      <td>-0.769724</td>\n",
       "      <td>-0.769157</td>\n",
       "      <td>-0.764873</td>\n",
       "      <td>-0.188933</td>\n",
       "      <td>0.590879</td>\n",
       "      <td>-0.049954</td>\n",
       "      <td>-0.004882</td>\n",
       "      <td>0.092104</td>\n",
       "      <td>0.915544</td>\n",
       "      <td>-0.004017</td>\n",
       "    </tr>\n",
       "    <tr>\n",
       "      <th>room_num</th>\n",
       "      <td>0.696304</td>\n",
       "      <td>-0.391676</td>\n",
       "      <td>-0.302188</td>\n",
       "      <td>1.000000</td>\n",
       "      <td>-0.240265</td>\n",
       "      <td>0.208464</td>\n",
       "      <td>0.203981</td>\n",
       "      <td>0.201907</td>\n",
       "      <td>0.205397</td>\n",
       "      <td>0.355501</td>\n",
       "      <td>-0.613808</td>\n",
       "      <td>0.032207</td>\n",
       "      <td>0.030674</td>\n",
       "      <td>-0.064694</td>\n",
       "      <td>-0.282817</td>\n",
       "      <td>0.027148</td>\n",
       "    </tr>\n",
       "    <tr>\n",
       "      <th>age</th>\n",
       "      <td>-0.377999</td>\n",
       "      <td>0.644779</td>\n",
       "      <td>0.731470</td>\n",
       "      <td>-0.240265</td>\n",
       "      <td>1.000000</td>\n",
       "      <td>-0.746904</td>\n",
       "      <td>-0.746493</td>\n",
       "      <td>-0.747021</td>\n",
       "      <td>-0.746707</td>\n",
       "      <td>-0.261515</td>\n",
       "      <td>0.602339</td>\n",
       "      <td>-0.021102</td>\n",
       "      <td>0.009380</td>\n",
       "      <td>0.075198</td>\n",
       "      <td>0.673850</td>\n",
       "      <td>-0.016291</td>\n",
       "    </tr>\n",
       "    <tr>\n",
       "      <th>dist1</th>\n",
       "      <td>0.251355</td>\n",
       "      <td>-0.706481</td>\n",
       "      <td>-0.768589</td>\n",
       "      <td>0.208464</td>\n",
       "      <td>-0.746904</td>\n",
       "      <td>1.000000</td>\n",
       "      <td>0.997905</td>\n",
       "      <td>0.997735</td>\n",
       "      <td>0.994073</td>\n",
       "      <td>0.232834</td>\n",
       "      <td>-0.498823</td>\n",
       "      <td>-0.030550</td>\n",
       "      <td>-0.014463</td>\n",
       "      <td>-0.036794</td>\n",
       "      <td>-0.706319</td>\n",
       "      <td>-0.035309</td>\n",
       "    </tr>\n",
       "    <tr>\n",
       "      <th>dist2</th>\n",
       "      <td>0.249459</td>\n",
       "      <td>-0.707956</td>\n",
       "      <td>-0.769724</td>\n",
       "      <td>0.203981</td>\n",
       "      <td>-0.746493</td>\n",
       "      <td>0.997905</td>\n",
       "      <td>1.000000</td>\n",
       "      <td>0.998097</td>\n",
       "      <td>0.994003</td>\n",
       "      <td>0.233707</td>\n",
       "      <td>-0.495693</td>\n",
       "      <td>-0.031248</td>\n",
       "      <td>-0.010239</td>\n",
       "      <td>-0.038005</td>\n",
       "      <td>-0.708237</td>\n",
       "      <td>-0.040356</td>\n",
       "    </tr>\n",
       "    <tr>\n",
       "      <th>dist3</th>\n",
       "      <td>0.246650</td>\n",
       "      <td>-0.707566</td>\n",
       "      <td>-0.769157</td>\n",
       "      <td>0.201907</td>\n",
       "      <td>-0.747021</td>\n",
       "      <td>0.997735</td>\n",
       "      <td>0.998097</td>\n",
       "      <td>1.000000</td>\n",
       "      <td>0.994126</td>\n",
       "      <td>0.233588</td>\n",
       "      <td>-0.494290</td>\n",
       "      <td>-0.028471</td>\n",
       "      <td>-0.010077</td>\n",
       "      <td>-0.041470</td>\n",
       "      <td>-0.709346</td>\n",
       "      <td>-0.035768</td>\n",
       "    </tr>\n",
       "    <tr>\n",
       "      <th>dist4</th>\n",
       "      <td>0.248200</td>\n",
       "      <td>-0.705819</td>\n",
       "      <td>-0.764873</td>\n",
       "      <td>0.205397</td>\n",
       "      <td>-0.746707</td>\n",
       "      <td>0.994073</td>\n",
       "      <td>0.994003</td>\n",
       "      <td>0.994126</td>\n",
       "      <td>1.000000</td>\n",
       "      <td>0.228256</td>\n",
       "      <td>-0.496084</td>\n",
       "      <td>-0.021648</td>\n",
       "      <td>-0.005850</td>\n",
       "      <td>-0.032542</td>\n",
       "      <td>-0.703508</td>\n",
       "      <td>-0.043612</td>\n",
       "    </tr>\n",
       "    <tr>\n",
       "      <th>teachers</th>\n",
       "      <td>0.505655</td>\n",
       "      <td>-0.383248</td>\n",
       "      <td>-0.188933</td>\n",
       "      <td>0.355501</td>\n",
       "      <td>-0.261515</td>\n",
       "      <td>0.232834</td>\n",
       "      <td>0.233707</td>\n",
       "      <td>0.233588</td>\n",
       "      <td>0.228256</td>\n",
       "      <td>1.000000</td>\n",
       "      <td>-0.374044</td>\n",
       "      <td>-0.008130</td>\n",
       "      <td>-0.023343</td>\n",
       "      <td>-0.045836</td>\n",
       "      <td>-0.187004</td>\n",
       "      <td>0.042525</td>\n",
       "    </tr>\n",
       "    <tr>\n",
       "      <th>poor_prop</th>\n",
       "      <td>-0.740836</td>\n",
       "      <td>0.603800</td>\n",
       "      <td>0.590879</td>\n",
       "      <td>-0.613808</td>\n",
       "      <td>0.602339</td>\n",
       "      <td>-0.498823</td>\n",
       "      <td>-0.495693</td>\n",
       "      <td>-0.494290</td>\n",
       "      <td>-0.496084</td>\n",
       "      <td>-0.374044</td>\n",
       "      <td>1.000000</td>\n",
       "      <td>-0.066434</td>\n",
       "      <td>0.003337</td>\n",
       "      <td>0.061581</td>\n",
       "      <td>0.552310</td>\n",
       "      <td>-0.082776</td>\n",
       "    </tr>\n",
       "    <tr>\n",
       "      <th>n_hos_beds</th>\n",
       "      <td>0.109646</td>\n",
       "      <td>0.005827</td>\n",
       "      <td>-0.049954</td>\n",
       "      <td>0.032207</td>\n",
       "      <td>-0.021102</td>\n",
       "      <td>-0.030550</td>\n",
       "      <td>-0.031248</td>\n",
       "      <td>-0.028471</td>\n",
       "      <td>-0.021648</td>\n",
       "      <td>-0.008130</td>\n",
       "      <td>-0.066434</td>\n",
       "      <td>1.000000</td>\n",
       "      <td>-0.005461</td>\n",
       "      <td>0.058997</td>\n",
       "      <td>-0.072002</td>\n",
       "      <td>0.067391</td>\n",
       "    </tr>\n",
       "    <tr>\n",
       "      <th>n_hot_rooms</th>\n",
       "      <td>0.023122</td>\n",
       "      <td>-0.000839</td>\n",
       "      <td>-0.004882</td>\n",
       "      <td>0.030674</td>\n",
       "      <td>0.009380</td>\n",
       "      <td>-0.014463</td>\n",
       "      <td>-0.010239</td>\n",
       "      <td>-0.010077</td>\n",
       "      <td>-0.005850</td>\n",
       "      <td>-0.023343</td>\n",
       "      <td>0.003337</td>\n",
       "      <td>-0.005461</td>\n",
       "      <td>1.000000</td>\n",
       "      <td>-0.004840</td>\n",
       "      <td>0.006262</td>\n",
       "      <td>-0.077333</td>\n",
       "    </tr>\n",
       "    <tr>\n",
       "      <th>rainfall</th>\n",
       "      <td>-0.047426</td>\n",
       "      <td>0.055810</td>\n",
       "      <td>0.092104</td>\n",
       "      <td>-0.064694</td>\n",
       "      <td>0.075198</td>\n",
       "      <td>-0.036794</td>\n",
       "      <td>-0.038005</td>\n",
       "      <td>-0.041470</td>\n",
       "      <td>-0.032542</td>\n",
       "      <td>-0.045836</td>\n",
       "      <td>0.061581</td>\n",
       "      <td>0.058997</td>\n",
       "      <td>-0.004840</td>\n",
       "      <td>1.000000</td>\n",
       "      <td>0.078641</td>\n",
       "      <td>-0.040581</td>\n",
       "    </tr>\n",
       "    <tr>\n",
       "      <th>parks</th>\n",
       "      <td>-0.391574</td>\n",
       "      <td>0.707635</td>\n",
       "      <td>0.915544</td>\n",
       "      <td>-0.282817</td>\n",
       "      <td>0.673850</td>\n",
       "      <td>-0.706319</td>\n",
       "      <td>-0.708237</td>\n",
       "      <td>-0.709346</td>\n",
       "      <td>-0.703508</td>\n",
       "      <td>-0.187004</td>\n",
       "      <td>0.552310</td>\n",
       "      <td>-0.072002</td>\n",
       "      <td>0.006262</td>\n",
       "      <td>0.078641</td>\n",
       "      <td>1.000000</td>\n",
       "      <td>0.004808</td>\n",
       "    </tr>\n",
       "    <tr>\n",
       "      <th>Sold</th>\n",
       "      <td>-0.154698</td>\n",
       "      <td>0.024404</td>\n",
       "      <td>-0.004017</td>\n",
       "      <td>0.027148</td>\n",
       "      <td>-0.016291</td>\n",
       "      <td>-0.035309</td>\n",
       "      <td>-0.040356</td>\n",
       "      <td>-0.035768</td>\n",
       "      <td>-0.043612</td>\n",
       "      <td>0.042525</td>\n",
       "      <td>-0.082776</td>\n",
       "      <td>0.067391</td>\n",
       "      <td>-0.077333</td>\n",
       "      <td>-0.040581</td>\n",
       "      <td>0.004808</td>\n",
       "      <td>1.000000</td>\n",
       "    </tr>\n",
       "  </tbody>\n",
       "</table>\n",
       "</div>"
      ],
      "text/plain": [
       "                price  resid_area  air_qual  room_num       age     dist1  \\\n",
       "price        1.000000   -0.484754 -0.429300  0.696304 -0.377999  0.251355   \n",
       "resid_area  -0.484754    1.000000  0.763651 -0.391676  0.644779 -0.706481   \n",
       "air_qual    -0.429300    0.763651  1.000000 -0.302188  0.731470 -0.768589   \n",
       "room_num     0.696304   -0.391676 -0.302188  1.000000 -0.240265  0.208464   \n",
       "age         -0.377999    0.644779  0.731470 -0.240265  1.000000 -0.746904   \n",
       "dist1        0.251355   -0.706481 -0.768589  0.208464 -0.746904  1.000000   \n",
       "dist2        0.249459   -0.707956 -0.769724  0.203981 -0.746493  0.997905   \n",
       "dist3        0.246650   -0.707566 -0.769157  0.201907 -0.747021  0.997735   \n",
       "dist4        0.248200   -0.705819 -0.764873  0.205397 -0.746707  0.994073   \n",
       "teachers     0.505655   -0.383248 -0.188933  0.355501 -0.261515  0.232834   \n",
       "poor_prop   -0.740836    0.603800  0.590879 -0.613808  0.602339 -0.498823   \n",
       "n_hos_beds   0.109646    0.005827 -0.049954  0.032207 -0.021102 -0.030550   \n",
       "n_hot_rooms  0.023122   -0.000839 -0.004882  0.030674  0.009380 -0.014463   \n",
       "rainfall    -0.047426    0.055810  0.092104 -0.064694  0.075198 -0.036794   \n",
       "parks       -0.391574    0.707635  0.915544 -0.282817  0.673850 -0.706319   \n",
       "Sold        -0.154698    0.024404 -0.004017  0.027148 -0.016291 -0.035309   \n",
       "\n",
       "                dist2     dist3     dist4  teachers  poor_prop  n_hos_beds  \\\n",
       "price        0.249459  0.246650  0.248200  0.505655  -0.740836    0.109646   \n",
       "resid_area  -0.707956 -0.707566 -0.705819 -0.383248   0.603800    0.005827   \n",
       "air_qual    -0.769724 -0.769157 -0.764873 -0.188933   0.590879   -0.049954   \n",
       "room_num     0.203981  0.201907  0.205397  0.355501  -0.613808    0.032207   \n",
       "age         -0.746493 -0.747021 -0.746707 -0.261515   0.602339   -0.021102   \n",
       "dist1        0.997905  0.997735  0.994073  0.232834  -0.498823   -0.030550   \n",
       "dist2        1.000000  0.998097  0.994003  0.233707  -0.495693   -0.031248   \n",
       "dist3        0.998097  1.000000  0.994126  0.233588  -0.494290   -0.028471   \n",
       "dist4        0.994003  0.994126  1.000000  0.228256  -0.496084   -0.021648   \n",
       "teachers     0.233707  0.233588  0.228256  1.000000  -0.374044   -0.008130   \n",
       "poor_prop   -0.495693 -0.494290 -0.496084 -0.374044   1.000000   -0.066434   \n",
       "n_hos_beds  -0.031248 -0.028471 -0.021648 -0.008130  -0.066434    1.000000   \n",
       "n_hot_rooms -0.010239 -0.010077 -0.005850 -0.023343   0.003337   -0.005461   \n",
       "rainfall    -0.038005 -0.041470 -0.032542 -0.045836   0.061581    0.058997   \n",
       "parks       -0.708237 -0.709346 -0.703508 -0.187004   0.552310   -0.072002   \n",
       "Sold        -0.040356 -0.035768 -0.043612  0.042525  -0.082776    0.067391   \n",
       "\n",
       "             n_hot_rooms  rainfall     parks      Sold  \n",
       "price           0.023122 -0.047426 -0.391574 -0.154698  \n",
       "resid_area     -0.000839  0.055810  0.707635  0.024404  \n",
       "air_qual       -0.004882  0.092104  0.915544 -0.004017  \n",
       "room_num        0.030674 -0.064694 -0.282817  0.027148  \n",
       "age             0.009380  0.075198  0.673850 -0.016291  \n",
       "dist1          -0.014463 -0.036794 -0.706319 -0.035309  \n",
       "dist2          -0.010239 -0.038005 -0.708237 -0.040356  \n",
       "dist3          -0.010077 -0.041470 -0.709346 -0.035768  \n",
       "dist4          -0.005850 -0.032542 -0.703508 -0.043612  \n",
       "teachers       -0.023343 -0.045836 -0.187004  0.042525  \n",
       "poor_prop       0.003337  0.061581  0.552310 -0.082776  \n",
       "n_hos_beds     -0.005461  0.058997 -0.072002  0.067391  \n",
       "n_hot_rooms     1.000000 -0.004840  0.006262 -0.077333  \n",
       "rainfall       -0.004840  1.000000  0.078641 -0.040581  \n",
       "parks           0.006262  0.078641  1.000000  0.004808  \n",
       "Sold           -0.077333 -0.040581  0.004808  1.000000  "
      ]
     },
     "execution_count": 5,
     "metadata": {},
     "output_type": "execute_result"
    }
   ],
   "source": [
    "df_num.corr()"
   ]
  },
  {
   "attachments": {
    "c0fd32cc-e3d3-4c53-8ce6-dcc5318d8187.png": {
